image: map.pgm
resolution: 0.050000
origin: [-27.600000, -10.000000, 0.000000]
negate: 0
occupied_thresh: 0.65
free_thresh: 0.196

